"V1","V2","V3","V4"
0.812183856964111,-0.234897911548615,0.534022867679596,0
0.0847052186727524,0.95314085483551,0.290426850318909,0
-0.577219545841217,-0.190645471215248,0.794022619724274,0
0,0,0,1
