"V1","V2","V3","V4"
-0.09698286652565,-0.97170227766037,-0.215381562709808,0
0.807217955589294,-0.203385770320892,0.554105997085571,0
-0.58223158121109,-0.120120912790298,0.804100453853607,0
0,0,0,1
