"V1","V2","V3","V4"
-0.169572576880455,-0.944354832172394,-0.281849324703217,0
-0.79401433467865,0.30032142996788,-0.528534114360809,0
0.583768904209137,0.134167462587357,-0.800757765769958,0
0,0,0,1
