"V1","V2","V3","V4"
-0.202851817011833,-0.968746542930603,-0.142763540148735,0
-0.569879531860352,-0.00176656455732882,0.821726441383362,0
-0.796296536922455,0.248046666383743,-0.551710605621338,0
0,0,0,1
