"V1","V2","V3","V4"
-0.222004652023315,-0.961974561214447,-0.159118339419365,0
-0.565087795257568,-0.00605201814323664,0.825008630752563,0
-0.794600427150726,0.273071527481079,-0.542256593704224,0
0,0,0,1
