"V1","V2","V3","V4"
-0.148866146802902,-0.940988123416901,-0.303940832614899,0
-0.808957934379578,0.292658179998398,-0.50984138250351,0
0.568705558776855,0.169977232813835,-0.804786741733551,0
0,0,0,1
