"V1","V2","V3","V4"
0.988800227642059,-0.0107940547168255,0.148853659629822,0
0.148821413516998,-0.00373189896345139,-0.988856792449951,0
0.0112292617559433,0.999934673309326,-0.00208360701799393,0
0,0,0,1
