"V1","V2","V3","V4"
0.951093912124634,-0.0159033760428429,0.308491796255112,0
-0.0341318994760513,-0.997968912124634,0.0537828505039215,0
0.307009935379028,-0.0616819560527802,-0.949705064296722,0
0,0,0,1
