"V1","V2","V3","V4"
0.992750406265259,-0.00130273634567857,0.120186261832714,0
0.00263913627713919,0.999936401844025,-0.0109610687941313,0
-0.120164304971695,0.0111988931894302,0.992690563201904,0
0,0,0,1
